generated_decorrelation_length = 37.643535607090996
rel_entropy_points = 2048
max_snapshots = 0
sigma = 0.1
kgmm_sample_count = 18000036
neurons = [128, 64]
pdf_generated_samples = 4000000
pdf_empirical_samples = 72000144
lr = 0.001
kgmm_uncorrelated_samples = 882559.36616212
plot_window = 1000
batch_size = 64
stride = 2
pdf_empirical_temporal_effective_samples = 3.2551936501775794e6
run_directory = "/data2/ludovico/ScoreEstimation.jl/scripts/KS/runs/run_008"
latent_dimension = 4
empirical_decorrelation_length = 5.52963600153805
pdf_empirical_effective_samples = 3.53023746464848e6
normalize_mode = "per_dim"
langevin_steps = 400000
final_loss = 0.01688549295067787
cluster_count = 7370
analysis_figure = "/data2/ludovico/ScoreEstimation.jl/scripts/KS/runs/run_008/comparison.png"
modes_figure = ""
langevin_dt = 0.0025
kde_max_samples = 0
langevin_boundary = 10.0
pdf_generated_temporal_effective_samples = 26564.986095823257
training_loss_figure = "/data2/ludovico/ScoreEstimation.jl/scripts/KS/runs/run_008/training_loss.png"
train_max = 0
langevin_burnin = 0
generated_spatial_decorrelation_length = 3.594016070309833
run_label = "run_008"
output_path = "/data2/ludovico/ScoreEstimation.jl/scripts/KS/runs/run_008/output.h5"
train_copies = 36
train_losses = [0.033662185072898865, 0.03289081156253815, 0.032556306570768356, 0.032402124255895615, 0.032197803258895874, 0.032261159271001816, 0.03172169253230095, 0.03172048553824425, 0.031009616330266, 0.03015873022377491, 0.029483072459697723, 0.027964627370238304, 0.02710023894906044, 0.026228664442896843, 0.02580244652926922, 0.02510526403784752, 0.024556653574109077, 0.024054808542132378, 0.02400941029191017, 0.023339860141277313, 0.02322150021791458, 0.02296745963394642, 0.022742731496691704, 0.022641979157924652, 0.022304128855466843, 0.022292910143733025, 0.022208668291568756, 0.022168457508087158, 0.021844977512955666, 0.021808575838804245, 0.02145613357424736, 0.021710839122533798, 0.02164127305150032, 0.021445659920573235, 0.02131444402039051, 0.021519480273127556, 0.021274210885167122, 0.021016724407672882, 0.02083396352827549, 0.0210532546043396, 0.020945847034454346, 0.02087690681219101, 0.020808830857276917, 0.02065005525946617, 0.02057071588933468, 0.020376577973365784, 0.020310863852500916, 0.02024296298623085, 0.020285343751311302, 0.020154641941189766, 0.01999249868094921, 0.019961513578891754, 0.01977117732167244, 0.01977188140153885, 0.019612129777669907, 0.019553963094949722, 0.01950186863541603, 0.019364798441529274, 0.01929461769759655, 0.019292568787932396, 0.01908898539841175, 0.01901889592409134, 0.01887284219264984, 0.01880967617034912, 0.018817225471138954, 0.018797099590301514, 0.0186074860394001, 0.01862134411931038, 0.01852625235915184, 0.0184879619628191, 0.018444819375872612, 0.018340658396482468, 0.018346747383475304, 0.018386172130703926, 0.01817496120929718, 0.018205925822257996, 0.018161628395318985, 0.018018687143921852, 0.01814483106136322, 0.018007896840572357, 0.017954513430595398, 0.018034273758530617, 0.01788737066090107, 0.01789208874106407, 0.017733700573444366, 0.017705636098980904, 0.017578106373548508, 0.01765775866806507, 0.01763785071671009, 0.017582286149263382, 0.01747073419392109, 0.017537260428071022, 0.01742187701165676, 0.0173313207924366, 0.0172947458922863, 0.017471838742494583, 0.017279643565416336, 0.017079735174775124, 0.016994236037135124, 0.01688549295067787]
pdf_generated_effective_samples = 29565.7955625481
dataset_key = ""
empirical_spatial_decorrelation_length = 3.6883565853853546
langevin_ens = 100
n_modes = 8
kgmm_temporal_effective_samples = 3.2551936501775794e6
n_epochs = 100
seed = 2024
langevin_resolution = 40
nn_run_path = "/data2/ludovico/ScoreEstimation.jl/scripts/KS/runs/run_008/nn.bson"

[kgmm_kwargs]
conv_param = 0.005
prob = 0.0001
show_progress = false
i_max = 120
