lr = 0.001
final_loss = 0.01603139378130436
plot_window = 1000
generated_decorrelation_length = 39.388939085251245
rel_entropy_points = 2048
batch_size = 64
train_max = 0
max_snapshots = 0
sigma = 0.1
langevin_burnin = 0
cluster_count = 7385
stride = 2
run_label = "run_005"
analysis_figure = "/data2/ludovico/ScoreEstimation.jl/scripts/KS/runs/run_005/comparison.png"
langevin_dt = 0.0025
train_copies = 1
modes_figure = ""
output_path = "/data2/ludovico/ScoreEstimation.jl/scripts/KS/runs/run_005/output.h5"
run_directory = "/data2/ludovico/ScoreEstimation.jl/scripts/KS/runs/run_005"
neurons = [128, 64]
kde_max_samples = 0
train_losses = [0.035666029900312424, 0.0343138612806797, 0.03431791439652443, 0.03402348980307579, 0.03368737921118736, 0.03352660685777664, 0.03319786116480827, 0.03281417861580849, 0.032026395201683044, 0.0310013759881258, 0.029552597552537918, 0.029012169688940048, 0.028509799391031265, 0.027797242626547813, 0.02734033390879631, 0.02686002105474472, 0.026433253660798073, 0.026139063760638237, 0.02575029991567135, 0.02526184357702732, 0.024919524788856506, 0.024796465411782265, 0.02469049021601677, 0.024525074288249016, 0.024358998984098434, 0.02407989837229252, 0.02386261336505413, 0.023649808019399643, 0.02374500222504139, 0.02348494902253151, 0.02346714772284031, 0.0232674703001976, 0.02310989238321781, 0.023222289979457855, 0.023133734241127968, 0.02295125648379326, 0.02298554591834545, 0.02271866425871849, 0.022745443508028984, 0.022701717913150787, 0.022583428770303726, 0.022603776305913925, 0.02251400053501129, 0.022414430975914, 0.02231096662580967, 0.022275157272815704, 0.02224096469581127, 0.022033600136637688, 0.02207527495920658, 0.021942703053355217, 0.02226266637444496, 0.02185903675854206, 0.021739311516284943, 0.021642368286848068, 0.02164505608379841, 0.021534621715545654, 0.021512435749173164, 0.021550161764025688, 0.021369028836488724, 0.021325750276446342, 0.02126237004995346, 0.021126793697476387, 0.021042702719569206, 0.020992040634155273, 0.020854003727436066, 0.020946942269802094, 0.02088954858481884, 0.020789125934243202, 0.020683197304606438, 0.020501986145973206, 0.02057615853846073, 0.02039816789329052, 0.020329322665929794, 0.020181981846690178, 0.02014293521642685, 0.02013704925775528, 0.0200364850461483, 0.019804369658231735, 0.019745858386158943, 0.019773252308368683, 0.019609548151493073, 0.019440852105617523, 0.01933158189058304, 0.01933104172348976, 0.019223883748054504, 0.019046805799007416, 0.018868353217840195, 0.018829265609383583, 0.018742404878139496, 0.01859407126903534, 0.01839282736182213, 0.018119104206562042, 0.018012993037700653, 0.01766715943813324, 0.0174785815179348, 0.01730198785662651, 0.017004365101456642, 0.01678702048957348, 0.016476048156619072, 0.01603139378130436]
pdf_generated_samples = 4000000
langevin_boundary = 10.0
dataset_key = ""
pdf_empirical_samples = 2000004
pdf_generated_effective_samples = 25387.837886053625
latent_dimension = 4
langevin_ens = 100
empirical_decorrelation_length = 5.552500178925205
pdf_empirical_effective_samples = 90049.70443725136
n_modes = 8
normalize_mode = "per_dim"
n_epochs = 100
seed = 2024
langevin_steps = 400000
langevin_resolution = 40
training_loss_figure = "/data2/ludovico/ScoreEstimation.jl/scripts/KS/runs/run_005/training_loss.png"
nn_run_path = "/data2/ludovico/ScoreEstimation.jl/scripts/KS/runs/run_005/nn.bson"

[kgmm_kwargs]
conv_param = 0.005
prob = 0.0001
show_progress = false
i_max = 120
