generated_decorrelation_length = 36.88551000807764
rel_entropy_points = 2048
max_snapshots = 0
sigma = 0.1
kgmm_sample_count = 4000008
neurons = [128, 64]
pdf_generated_samples = 4000000
pdf_empirical_samples = 16000032
lr = 0.001
kgmm_uncorrelated_samples = 180990.5984286643
plot_window = 1000
batch_size = 64
stride = 2
pdf_empirical_temporal_effective_samples = 723962.3937146572
run_directory = "/data2/ludovico/ScoreEstimation.jl/scripts/KS/runs/run_004"
latent_dimension = 4
empirical_decorrelation_length = 5.525159918149789
pdf_empirical_effective_samples = 723962.3937146572
normalize_mode = "per_dim"
langevin_steps = 400000
final_loss = 0.015994252637028694
cluster_count = 7371
analysis_figure = "/data2/ludovico/ScoreEstimation.jl/scripts/KS/runs/run_004/comparison.png"
modes_figure = ""
langevin_dt = 0.0025
kde_max_samples = 0
langevin_boundary = 10.0
pdf_generated_temporal_effective_samples = 27110.916991008333
training_loss_figure = "/data2/ludovico/ScoreEstimation.jl/scripts/KS/runs/run_004/training_loss.png"
train_max = 0
langevin_burnin = 0
generated_spatial_decorrelation_length = 4.0
run_label = "run_004"
output_path = "/data2/ludovico/ScoreEstimation.jl/scripts/KS/runs/run_004/output.h5"
train_copies = 8
train_losses = [0.034011609852313995, 0.033104363828897476, 0.03289210423827171, 0.03272974118590355, 0.032485805451869965, 0.03240511566400528, 0.03207991272211075, 0.03157477080821991, 0.030767954885959625, 0.029791289940476418, 0.028835030272603035, 0.027926504611968994, 0.027075016871094704, 0.026694785803556442, 0.02592531219124794, 0.025451768189668655, 0.025159867480397224, 0.024863464757800102, 0.02435944601893425, 0.02378387562930584, 0.023523403331637383, 0.023403719067573547, 0.023009661585092545, 0.02276727929711342, 0.022501828148961067, 0.022385042160749435, 0.02242082729935646, 0.022294895723462105, 0.02210434153676033, 0.021957693621516228, 0.021883469074964523, 0.021706268191337585, 0.021682972088456154, 0.021606704220175743, 0.02153962105512619, 0.021455086767673492, 0.021344980224967003, 0.02126145362854004, 0.021271144971251488, 0.021229689940810204, 0.021314945071935654, 0.021129367873072624, 0.02100348472595215, 0.02095198445022106, 0.020997149869799614, 0.020982012152671814, 0.02109137922525406, 0.020634956657886505, 0.020825695246458054, 0.020660262554883957, 0.02046116068959236, 0.02055943012237549, 0.02040182054042816, 0.020250316709280014, 0.020217807963490486, 0.020169103518128395, 0.020089231431484222, 0.020070238038897514, 0.019970474764704704, 0.019831713289022446, 0.01971002295613289, 0.0196848064661026, 0.019580429419875145, 0.019566871225833893, 0.01934453658759594, 0.019489070400595665, 0.01942346803843975, 0.019200529903173447, 0.019048651680350304, 0.018915383145213127, 0.018943335860967636, 0.01878896914422512, 0.018744027242064476, 0.018741827458143234, 0.018626267090439796, 0.018412264063954353, 0.018378818407654762, 0.01851462572813034, 0.01831832155585289, 0.018248505890369415, 0.01799635961651802, 0.01799280010163784, 0.017911100760102272, 0.017749333754181862, 0.01772579923272133, 0.017790766432881355, 0.01753721944987774, 0.01747780479490757, 0.017269043251872063, 0.017328090965747833, 0.017180971801280975, 0.017112351953983307, 0.01693764142692089, 0.01680454984307289, 0.016663115471601486, 0.016567671671509743, 0.016487570479512215, 0.01627301052212715, 0.016089491546154022, 0.015994252637028694]
pdf_generated_effective_samples = 27110.916991008333
dataset_key = ""
empirical_spatial_decorrelation_length = 4.0
langevin_ens = 100
n_modes = 8
kgmm_temporal_effective_samples = 723962.3937146572
n_epochs = 100
seed = 2024
langevin_resolution = 40
nn_run_path = "/data2/ludovico/ScoreEstimation.jl/scripts/KS/runs/run_004/nn.bson"

[kgmm_kwargs]
conv_param = 0.005
prob = 0.0001
show_progress = false
i_max = 120
